step = "4-eigenvalues-lower-bounds"

[fem]
C_h = 0.028568191075918462
eigenvalue = 3.8007109879432224
h_K = 0.019868035551773713
osc = 2.0276039328541806

[inputs]
fem_result = "results/1-fem-eigenvalues.toml"
potential_checkpoint = "checkpoints/lse_global_potential.chk"
upper_bound_result = "results/3-eigenvalues-upper-bounds.toml"

[parameters]
delta = 0.01
fem_positive_tol = 1.0e-8
first_constant_cells_core = [32, 32]
first_constant_cells_wing = [8, 8]
second_constant_ny_wing = 256
t1 = 0.9
t2 = 0.1

    [parameters.eigenvalue_upper_bound]
    hi = 4.004071092680828
    lo = 4.004071092680828

[result]
core_eigenvalue_lower_bound = 3.788957950605443
full_eigenvalue_lower_bound = 3.7889531450271505

    [result.core_correction_factor]
    hi = 0.999999558002145
    lo = 0.9999987316886714

[ultracontractivity]
C2_wing_steepness = 999999.9999999999

    [ultracontractivity.C]
    hi = 60.05331953826149
    lo = 52.76218182363883

    [ultracontractivity.C1]
    hi = 1.2302236006921636
    lo = 1.0808608383770764

    [ultracontractivity.C2]
    hi = 48.81496299085268
    lo = 48.814962990852536

    [ultracontractivity.C2_error]
    hi = 3.3701696682738794e-304
    lo = -0.0

    [ultracontractivity.C2_main]
    hi = 48.81496299085267
    lo = 48.814962990852536
